Data set: /Volumes/cctm/apavao/NMR/20230306_13CGlc_standards/23/pdata/2/

Fit type: Mixed Lorentzian and Gaussian

Fit        Frequency             Width        Intensity       Area     %Lor.
         ppm        Hz        ppm         Hz                           chisq

  1                                                                  1.1e+16

        2.145   1287.24    0.00976      5.859      0.116      1.214    100.00
STD:    0.000      0.19    0.00106      0.636      0.007

        2.131   1278.92    0.01074      6.447      0.250      2.880    100.00
STD:    0.000      0.11    0.00084      0.507      0.009

        2.118   1271.08    0.01252      7.511      0.240      3.211    100.00
STD:    0.000      0.13    0.00114      0.684      0.010

        2.106   1263.76    0.00769      4.612      0.176      1.446    100.00
STD:    0.000      0.12    0.00112      0.671      0.017

        2.096   1257.93    0.03114     18.688      0.168      5.586    100.00
STD:    0.001      0.80    0.00168      1.011      0.011

        1.907   1144.48    0.00470      2.820      0.377      1.895    100.00
STD:    0.000      0.03    0.00020      0.120      0.009

        1.895   1136.90    0.01200      7.198      0.320      4.115    100.00
STD:    0.000      0.08    0.00055      0.330      0.006

        1.880   1128.19    0.00925      5.550      0.920      9.110    100.00
STD:    0.000      0.02    0.00015      0.089      0.007

        1.864   1118.84    0.00760      4.563      0.458      3.729    100.00
STD:    0.000      0.04    0.00023      0.138      0.007

        1.852   1111.21    0.00624      3.745      0.312      2.084    100.00
STD:    0.000      0.05    0.00026      0.154      0.008

        1.782   1069.24    0.00455      2.731      0.019      0.095    100.00
STD:    0.001      0.63    0.00303      1.816      0.009

        1.699   1019.41    0.01308      7.847      0.020      0.280    100.00
STD:    0.002      1.04    0.00494      2.965      0.005

        1.601    960.69    0.01677     10.061      0.038      0.691    100.00
STD:    0.001      0.62    0.00303      1.818      0.005

        1.546    927.69    0.01634      9.807      0.099      1.735    100.00
STD:    0.001      0.34    0.00169      1.015      0.005

        1.533    920.08    0.00616      3.696      0.230      1.518    100.00
STD:    0.000      0.07    0.00047      0.281      0.009

        1.521    912.79    0.00721      4.328      0.297      2.295    100.00
STD:    0.000      0.06    0.00038      0.231      0.007

        1.509    905.60    0.00850      5.098      0.220      1.999    100.00
STD:    0.000      0.10    0.00074      0.446      0.009

        1.496    898.00    0.01372      8.234      0.134      1.974    100.00
STD:    0.000      0.24    0.00192      1.149      0.006

        1.483    890.11    0.00596      3.575      0.053      0.339    100.00
STD:    0.000      0.29    0.00191      1.148      0.009

        1.465    879.40    0.01144      6.865      0.227      2.780    100.00
STD:    0.000      0.11    0.00066      0.396      0.006

        1.451    870.82    0.00937      5.624      0.653      6.554    100.00
STD:    0.000      0.03    0.00025      0.148      0.007

        1.438    862.82    0.01019      6.115      0.691      7.540    100.00
STD:    0.000      0.04    0.00029      0.176      0.009

        1.424    854.67    0.01919     11.518      0.296      6.088    100.00
STD:    0.000      0.17    0.00068      0.407      0.007

        1.290    773.93    0.05866     35.200      0.050      3.168    100.00
STD:    0.001      0.88    0.00455      2.732      0.003

        1.189    713.47    0.00859      5.155      0.021      0.191    100.00
STD:    0.001      0.83    0.00434      2.605      0.007

        1.173    703.70    0.00592      3.553      0.130      0.822    100.00
STD:    0.000      0.11    0.00065      0.391      0.008

        1.160    696.39    0.00715      4.289      0.285      2.179    100.00
STD:    0.000      0.07    0.00046      0.274      0.009

        1.149    689.46    0.01196      7.175      0.374      4.786    100.00
STD:    0.000      0.08    0.00069      0.414      0.007

        1.137    682.51    0.00808      4.846      0.274      2.372    100.00
STD:    0.000      0.08    0.00057      0.344      0.009

        1.125    675.23    0.00775      4.648      0.104      0.864    100.00
STD:    0.000      0.17    0.00097      0.580      0.007

        1.007    604.27    0.06492     38.958      0.061      4.208    100.00
STD:    0.006      3.85    0.04465     26.794      0.115

        0.997    598.21    0.11732     70.400      0.000      0.008    100.00
STD:   15.592   9356.61   59.46597  35684.521      0.116

        0.908    544.95    0.00917      5.503      0.074      0.726    100.00
STD:    0.000      0.28    0.00169      1.011      0.007

        0.895    536.94    0.00962      5.772      0.147      1.512    100.00
STD:    0.000      0.18    0.00134      0.805      0.010

        0.882    529.11    0.01426      8.556      0.244      3.725    100.00
STD:    0.000      0.19    0.00168      1.009      0.013

        0.869    521.54    0.01162      6.972      0.269      3.344    100.00
STD:    0.000      0.17    0.00157      0.940      0.022

        0.859    515.58    0.01076      6.455      0.304      3.500    100.00
STD:    0.000      0.14    0.00118      0.706      0.019

        0.848    508.85    0.00958      5.748      0.274      2.814    100.00
STD:    0.000      0.10    0.00086      0.513      0.011

        0.837    502.44    0.00721      4.328      0.217      1.680    100.00
STD:    0.000      0.10    0.00076      0.455      0.010

        0.827    496.06    0.01023      6.139      0.185      2.025    100.00
STD:    0.000      0.15    0.00121      0.725      0.008

        0.815    488.96    0.01014      6.083      0.072      0.785    100.00
STD:    0.001      0.36    0.00192      1.149      0.008

        0.733    439.97    0.00363      2.176      0.033      0.127    100.00
STD:    0.001      0.32    0.00206      1.239      0.011

        0.711    426.47    0.02971     17.828      0.053      1.691    100.00
STD:    0.001      0.67    0.00407      2.442      0.004

