H
#frequency    half width   %gauss/100.
1285.379       6.16            0.0
1278.182       7.92            0.0
1270.664       7.92            0.0
1263.139       8.80            0.0
1256.510       7.92            0.0
1144.005       4.40            0.0
1136.446       6.16            0.0
1127.672       5.28            0.0
1118.507       5.28            0.0
1110.892       5.28            0.0
1068.515       3.52            0.0
1020.844       5.28            0.0
960.519        8.80            0.0
926.907        6.16            0.0
919.572        6.16            0.0
912.213        6.16            0.0
904.948        7.92            0.0
897.859        8.80            0.0
889.574        7.04            0.0
878.846        6.16            0.0
870.279        7.04            0.0
862.616        8.80            0.0
854.591        5.28            0.0
772.170        3.52            0.0
711.712        4.40            0.0
703.174        5.28            0.0
695.803        5.28            0.0
689.194        7.92            0.0
682.295        5.28            0.0
674.947        3.52            0.0
603.328        10.56           0.0
594.692        7.04            0.0
545.046        5.28            0.0
535.850        7.04            0.0
527.805        7.92            0.0
520.679        7.04            0.0
515.420        7.04            0.0
508.638        6.16            0.0
502.193        6.16            0.0
495.550        7.92            0.0
489.421        5.28            0.0
439.407        4.40            0.0
428.751        7.04            0.0
