Data set: /Volumes/cctm/apavao/NMR/20230306_13CGlc_standards/41/pdata/1/

Fit type: Mixed Lorentzian and Gaussian

Fit        Frequency             Width        Intensity       Area     %Lor.
         ppm        Hz        ppm         Hz                           chisq

  1                                                                  1.3e+12

        2.350   1410.14    0.06116     36.699      0.008      0.592    100.00
STD:    0.010      6.04    0.03340     20.042      0.002


  2                                                                  2.1e+14

        2.242   1345.46    0.02343     14.063      0.320      9.628    100.00
STD:    0.002      0.92    0.00230      1.379      0.033

        2.232   1339.46    0.00811      4.868      1.008     10.505    100.00
STD:    0.000      0.07    0.00067      0.404      0.052

        2.222   1333.43    0.00887      5.324      2.085     23.771    100.00
STD:    0.000      0.04    0.00033      0.197      0.032

        2.212   1327.37    0.00922      5.531      2.176     25.768    100.00
STD:    0.000      0.04    0.00034      0.203      0.034

        2.202   1321.22    0.00877      5.260      1.220     13.736    100.00
STD:    0.000      0.06    0.00051      0.304      0.028

        2.191   1314.94    0.00795      4.769      0.387      3.954    100.00
STD:    0.000      0.17    0.00090      0.537      0.024

        2.112   1267.56    0.00098      0.587      0.000      0.000    100.00
STD:    0.797    478.48    4.78821   2873.324      0.638

        2.111   1266.74    0.02710     16.260      0.087      3.034    100.00
STD:    0.002      1.08    0.00709      4.254      0.020

        2.031   1218.97    0.02391     14.348      0.314      9.652    100.00
STD:    0.002      1.03    0.00259      1.555      0.036

        2.021   1213.04    0.00828      4.967      0.989     10.524    100.00
STD:    0.000      0.08    0.00072      0.435      0.057

        2.011   1207.04    0.00876      5.257      2.032     22.872    100.00
STD:    0.000      0.04    0.00034      0.203      0.033

        2.001   1200.99    0.00942      5.652      2.154     26.068    100.00
STD:    0.000      0.04    0.00035      0.212      0.034

        1.991   1194.83    0.00869      5.215      1.200     13.400    100.00
STD:    0.000      0.06    0.00052      0.310      0.029

        1.981   1188.55    0.00828      4.970      0.386      4.107    100.00
STD:    0.000      0.17    0.00093      0.555      0.024

        1.894   1136.39    0.03407     20.445      0.044      1.941    100.00
STD:    0.004      2.29    0.01107      6.642      0.010


  3                                                                  8.7e+13

        1.642    985.13    0.02251     13.508      0.819     23.679    100.00
STD:    0.001      0.45    0.00060      0.361      0.062

        1.637    982.30    0.00073      0.440      0.001      0.001    100.00
STD:    0.066     39.76    3.64398   2186.691      7.886

        1.635    981.24    0.00482      2.895      0.630      3.905    100.00
STD:    0.001      0.42    0.00145      0.869      0.228

        1.629    977.64    0.00499      2.997      1.266      8.127    100.00
STD:    0.000      0.03    0.00026      0.156      0.031

        1.623    973.80    0.00565      3.390      1.508     10.947    100.00
STD:    0.000      0.03    0.00026      0.153      0.032

        1.617    970.14    0.00564      3.383      1.537     11.133    100.00
STD:    0.000      0.03    0.00025      0.150      0.029

        1.610    966.30    0.00535      3.209      1.391      9.558    100.00
STD:    0.000      0.03    0.00026      0.159      0.032

        1.604    962.56    0.00620      3.718      0.999      7.953    100.00
STD:    0.000      0.05    0.00041      0.249      0.026

        1.598    958.90    0.00418      2.511      0.560      3.011    100.00
STD:    0.000      0.06    0.00050      0.303      0.037

        1.591    954.93    0.01595      9.570      0.464      9.513    100.00
STD:    0.001      0.30    0.00089      0.536      0.019

        1.512    907.19    0.03095     18.571      0.060      2.366    100.00
STD:    0.002      1.10    0.00597      3.582      0.007

        1.433    859.91    0.02491     14.946      0.534     17.092    100.00
STD:    0.001      0.68    0.00117      0.704      0.036

        1.429    857.53    0.00311      1.866      0.415      1.656    100.00
STD:    0.000      0.05    0.00060      0.362      0.040

        1.423    853.83    0.00573      3.440      0.851      6.267    100.00
STD:    0.000      0.05    0.00042      0.249      0.047

        1.417    850.11    0.00520      3.119      1.321      8.825    100.00
STD:    0.000      0.03    0.00026      0.155      0.033

        1.410    846.27    0.00573      3.440      1.522     11.208    100.00
STD:    0.000      0.03    0.00026      0.155      0.031

        1.404    842.60    0.00564      3.383      1.542     11.167    100.00
STD:    0.000      0.03    0.00025      0.152      0.031

        1.398    838.76    0.00542      3.255      1.397      9.739    100.00
STD:    0.000      0.03    0.00027      0.160      0.032

        1.392    835.02    0.00614      3.685      1.003      7.914    100.00
STD:    0.000      0.05    0.00041      0.245      0.026

        1.385    831.34    0.00424      2.546      0.568      3.097    100.00
STD:    0.000      0.06    0.00049      0.296      0.037

        1.379    827.37    0.01638      9.828      0.471      9.914    100.00
STD:    0.001      0.31    0.00092      0.552      0.019

        1.286    771.85    0.05681     34.089      0.057      4.184    100.00
STD:    0.003      1.54    0.00838      5.027      0.005


  4                                                                  4.1e+12

        1.160    695.96    0.08566     51.400      0.018      1.943    100.00
STD:    0.042     24.97    0.05284     31.711      0.042

        1.144    686.71    0.00289      1.733      0.041      0.152    100.00
STD:    0.000      0.16    0.00111      0.665      0.009

        1.128    676.69    0.08566     51.400      0.008      0.855    100.00
STD:    0.091     54.46    0.11099     66.601      0.043


  5                                                                    1e+15

        0.978    586.86    0.00321      1.925      0.829      3.416    100.00
STD:    0.000      0.09    0.00067      0.404      0.086

        0.966    579.92    0.01449      8.698      2.758     51.369    100.00
STD:    0.000      0.12    0.00080      0.481      0.050

        0.957    574.23    0.00568      3.411      2.814     20.554    100.00
STD:    0.000      0.05    0.00041      0.243      0.108

        0.947    568.56    0.01237      7.421      2.695     42.822    100.00
STD:    0.000      0.09    0.00071      0.428      0.049

        0.936    561.68    0.00432      2.591      0.857      4.757    100.00
STD:    0.000      0.11    0.00069      0.415      0.074

        0.856    513.64    0.12232     73.400      0.000      0.026    100.00
STD:  388.145 232919.39  589.61694 353819.124      8.969

        0.848    509.11    0.10998     66.000      0.000      0.028    100.00
STD:  361.311 216816.51  828.44315 497134.678     10.202

        0.840    503.78    0.12232     73.400      0.085     13.430    100.00
STD:    0.792    475.34    1.01047    606.364     10.320

        0.830    498.26    0.00073      0.440      0.000      0.000    100.00
STD:    2.631   1578.76   14.59339   8757.244      3.715

        0.770    461.82    0.00402      2.411      0.855      4.413    100.00
STD:    0.000      0.11    0.00066      0.394      0.076

        0.758    454.98    0.01266      7.596      2.711     44.088    100.00
STD:    0.000      0.10    0.00074      0.446      0.051

        0.749    449.22    0.00607      3.644      2.971     23.188    100.00
STD:    0.000      0.05    0.00041      0.246      0.106

        0.739    443.48    0.01232      7.394      2.715     42.987    100.00
STD:    0.000      0.09    0.00073      0.436      0.051

        0.728    436.63    0.00452      2.713      0.863      5.013    100.00
STD:    0.000      0.11    0.00073      0.439      0.073

        0.638    382.92    0.02059     12.354      0.055      1.458    100.00
STD:    0.006      3.74    0.02232     13.395      0.033

