H
#frequency    half width   %gauss/100.
1411.976       3.67            0.0
1344.859       4.40            0.0
1337.963       5.14            0.0
1332.840       6.60            0.0
1327.216       6.60            0.0
1322.020       2.20            0.0
1315.274       4.40            0.0
1270.496       5.87            0.0
1265.194       9.54            0.0
1218.490       4.40            0.0
1211.452       5.14            0.0
1206.430       6.60            0.0
1200.862       6.60            0.0
1195.734       5.14            0.0
1188.808       3.67            0.0
1138.548       5.14            0.0
988.066        5.87            0.0
984.500        4.40            0.0
980.729        3.67            0.0
977.220        3.67            0.0
973.339        4.40            0.0
969.875        3.67            0.0
965.980        3.67            0.0
962.519        4.40            0.0
958.726        3.67            0.0
955.359        5.14            0.0
907.459        3.67            0.0
860.582        5.87            0.0
856.959        3.67            0.0
853.188        4.40            0.0
849.674        3.67            0.0
845.792        3.67            0.0
842.320        4.40            0.0
838.437        3.67            0.0
834.953        3.67            0.0
831.158        4.40            0.0
827.751        5.14            0.0
775.887        8.07            0.0
693.394        5.14            0.0
686.353        2.93            0.0
679.260        5.14            0.0
586.079        2.93            0.0
578.888        5.14            0.0
573.888        6.60            0.0
568.852        5.87            0.0
561.733        3.67            0.0
517.305        7.34            0.0
512.413        6.60            0.0
507.455        7.34            0.0
500.463        4.40            0.0
461.028        3.67            0.0
453.868        5.87            0.0
448.864        6.60            0.0
443.812        5.14            0.0
436.674        3.67            0.0
383.410        4.40            0.0
