Data set: /Volumes/cctm/apavao/NMR/20230306_13CGlc_standards/13/pdata/2/

Fit type: Mixed Lorentzian and Gaussian

Fit        Frequency             Width        Intensity       Area     %Lor.
         ppm        Hz        ppm         Hz                           chisq

  1                                                                  1.3e+15

        4.614   2768.93    0.00521      3.129      0.132      0.735    100.00
STD:    0.000      0.04    0.00021      0.129      0.003

        4.600   2760.31    0.00681      4.084      0.117      0.856    100.00
STD:    0.000      0.05    0.00027      0.160      0.003


  2                                                                  1.8e+16

        3.872   2323.33    0.00972      5.834      0.243      2.525    100.00
STD:    0.000      0.07    0.00034      0.202      0.005

        3.851   2310.75    0.00914      5.486      0.239      2.342    100.00
STD:    0.000      0.06    0.00034      0.203      0.006

        3.816   2290.03    0.00943      5.657      0.127      1.282    100.00
STD:    0.000      0.13    0.00080      0.481      0.006

        3.796   2278.18    0.02175     13.052      0.240      5.596    100.00
STD:    0.000      0.13    0.00077      0.464      0.004

        3.765   2259.35    0.00885      5.311      0.119      1.130    100.00
STD:    0.000      0.13    0.00078      0.465      0.006

        3.752   2251.53    0.00502      3.014      0.334      1.798    100.00
STD:    0.000      0.03    0.00020      0.118      0.008

        3.739   2243.87    0.00543      3.259      0.439      2.551    100.00
STD:    0.000      0.03    0.00019      0.112      0.008

        3.728   2237.10    0.01022      6.132      0.196      2.143    100.00
STD:    0.000      0.14    0.00099      0.591      0.007

        3.719   2231.77    0.00644      3.863      0.113      0.778    100.00
STD:    0.000      0.17    0.00136      0.814      0.011

        3.710   2226.52    0.00825      4.952      0.088      0.774    100.00
STD:    0.000      0.27    0.00225      1.350      0.009

        3.701   2221.06    0.00827      4.965      0.182      1.615    100.00
STD:    0.000      0.13    0.00106      0.635      0.010

        3.692   2215.47    0.00727      4.364      0.189      1.472    100.00
STD:    0.000      0.10    0.00076      0.456      0.009

        3.680   2208.27    0.01001      6.004      0.252      2.701    100.00
STD:    0.000      0.11    0.00080      0.481      0.008

        3.671   2202.67    0.00786      4.717      0.172      1.444    100.00
STD:    0.000      0.13    0.00108      0.647      0.012

        3.660   2196.21    0.01161      6.965      0.090      1.118    100.00
STD:    0.001      0.31    0.00235      1.407      0.006

        3.649   2190.00    0.00343      2.061      0.041      0.153    100.00
STD:    0.000      0.23    0.00197      1.183      0.011

        3.644   2186.55    0.00153      0.920      0.079      0.130    100.00
STD:    0.000      0.08    0.00175      1.053      0.084

        3.637   2182.51    0.00496      2.977      0.205      1.091    100.00
STD:    0.000      0.06    0.00033      0.195      0.008

        3.625   2175.01    0.00433      2.599      0.519      2.409    100.00
STD:    0.000      0.02    0.00011      0.066      0.008

        3.612   2167.45    0.00449      2.695      0.524      2.520    100.00
STD:    0.000      0.02    0.00011      0.064      0.008

        3.600   2160.06    0.00524      3.142      0.205      1.148    100.00
STD:    0.000      0.06    0.00042      0.251      0.008

        3.589   2153.92    0.01351      8.108      0.035      0.512    100.00
STD:    0.001      0.79    0.00448      2.688      0.005

        3.575   2145.25    0.00091      0.547      0.025      0.024    100.00
STD:    0.001      0.88    0.01044      6.267      0.404

        3.506   2103.88    0.01425      8.551      0.107      1.640    100.00
STD:    0.000      0.21    0.00109      0.657      0.005

        3.493   2095.87    0.00444      2.664      0.071      0.338    100.00
STD:    0.000      0.18    0.00132      0.791      0.010

        3.486   2091.74    0.00904      5.422      0.113      1.093    100.00
STD:    0.000      0.23    0.00131      0.789      0.007

        3.468   2081.05    0.01085      6.512      0.113      1.313    100.00
STD:    0.000      0.17    0.00111      0.664      0.005

        3.451   2071.04    0.00976      5.859      0.214      2.237    100.00
STD:    0.000      0.10    0.00074      0.442      0.009

        3.435   2061.01    0.01937     11.622      0.236      4.884    100.00
STD:    0.000      0.28    0.00217      1.304      0.008

        3.425   2055.41    0.00549      3.294      0.068      0.398    100.00
STD:    0.000      0.24    0.00208      1.250      0.016

        3.415   2049.40    0.01848     11.092      0.184      3.640    100.00
STD:    0.000      0.27    0.00131      0.784      0.009

        3.382   2029.29    0.01410      8.460      0.235      3.553    100.00
STD:    0.000      0.11    0.00066      0.398      0.005

        3.367   2020.27    0.00979      5.875      0.248      2.602    100.00
STD:    0.000      0.08    0.00061      0.365      0.007

        3.352   2011.31    0.01714     10.286      0.123      2.255    100.00
STD:    0.000      0.26    0.00120      0.721      0.005

        3.225   1935.00    0.00652      3.912      0.121      0.848    100.00
STD:    0.000      0.11    0.00057      0.341      0.007

        3.208   1925.21    0.00973      5.838      0.226      2.353    100.00
STD:    0.000      0.08    0.00048      0.288      0.005

        3.192   1915.59    0.01125      6.749      0.138      1.658    100.00
STD:    0.000      0.14    0.00074      0.441      0.005


  3                                                                  2.3e+16

        2.564   1538.37    0.00707      4.243      0.012      0.092    100.00
STD:    0.001      0.86    0.00406      2.435      0.005

        2.232   1339.29    0.02316     13.896      0.016      0.391    100.00
STD:    0.002      1.20    0.00575      3.449      0.003

        2.144   1286.72    0.01007      6.043      0.111      1.195    100.00
STD:    0.000      0.14    0.00074      0.443      0.004

        2.130   1278.20    0.01022      6.130      0.235      2.568    100.00
STD:    0.000      0.08    0.00058      0.346      0.006

        2.117   1270.43    0.01313      7.877      0.242      3.401    100.00
STD:    0.000      0.09    0.00081      0.487      0.006

        2.105   1262.94    0.00791      4.745      0.185      1.569    100.00
STD:    0.000      0.08    0.00070      0.421      0.010

        2.094   1256.35    0.02906     17.439      0.162      5.041    100.00
STD:    0.001      0.44    0.00111      0.669      0.006

        1.917   1150.26    0.00059      0.352      0.000      0.000    100.00
STD:    1.773   1064.14   17.32735  10397.848      1.582

        1.906   1143.78    0.00452      2.712      0.360      1.741    100.00
STD:    0.000      0.02    0.00014      0.083      0.006

        1.894   1136.44    0.01166      6.995      0.328      4.099    100.00
STD:    0.000      0.05    0.00036      0.214      0.004

        1.879   1127.57    0.00938      5.628      0.915      9.189    100.00
STD:    0.000      0.02    0.00010      0.062      0.005

        1.863   1117.99    0.00902      5.410      0.434      4.187    100.00
STD:    0.000      0.03    0.00020      0.120      0.004

        1.851   1110.55    0.00634      3.804      0.304      2.061    100.00
STD:    0.000      0.03    0.00019      0.115      0.005

        1.789   1073.31    0.00926      5.557      0.014      0.138    100.00
STD:    0.001      0.86    0.00419      2.517      0.004

        1.768   1060.67    0.00168      1.006      0.021      0.037    100.00
STD:    0.000      0.27    0.00300      1.802      0.034

        1.697   1018.22    0.01607      9.643      0.018      0.302    100.00
STD:    0.001      0.90    0.00452      2.709      0.003

        1.599    959.45    0.01602      9.616      0.029      0.499    100.00
STD:    0.001      0.55    0.00347      2.080      0.003

        1.545    926.85    0.01589      9.534      0.087      1.476    100.00
STD:    0.000      0.26    0.00177      1.064      0.005

        1.532    919.12    0.00631      3.787      0.195      1.315    100.00
STD:    0.000      0.06    0.00039      0.233      0.006

        1.520    911.90    0.00767      4.601      0.260      2.131    100.00
STD:    0.000      0.05    0.00036      0.214      0.007

        1.508    904.76    0.00821      4.926      0.187      1.647    100.00
STD:    0.000      0.08    0.00060      0.359      0.007

        1.495    897.17    0.01547      9.282      0.105      1.743    100.00
STD:    0.000      0.24    0.00220      1.321      0.010

        1.475    884.84    0.09003     54.024      0.037      3.556    100.00
STD:    0.017     10.25    0.02004     12.028      0.010

        1.464    878.81    0.01158      6.947      0.186      2.307    100.00
STD:    0.000      0.09    0.00085      0.512      0.009

        1.450    870.23    0.00937      5.625      0.600      6.026    100.00
STD:    0.000      0.03    0.00020      0.117      0.008

        1.437    862.24    0.00932      5.596      0.677      6.764    100.00
STD:    0.000      0.02    0.00017      0.105      0.006

        1.423    854.05    0.01627      9.764      0.278      4.835    100.00
STD:    0.000      0.09    0.00060      0.358      0.005

        1.288    772.78    0.05768     34.610      0.043      2.655    100.00
STD:    0.001      0.72    0.00414      2.483      0.002

        1.203    721.94    0.00218      1.307      0.011      0.027    100.00
STD:    0.001      0.72    0.00276      1.655      0.010

        1.187    712.46    0.00911      5.466      0.015      0.143    100.00
STD:    0.001      0.83    0.00464      2.787      0.004

        1.171    702.94    0.00564      3.387      0.128      0.773    100.00
STD:    0.000      0.08    0.00044      0.263      0.006

        1.159    695.48    0.00688      4.129      0.289      2.128    100.00
STD:    0.000      0.04    0.00029      0.175      0.006

        1.148    688.65    0.01156      6.936      0.370      4.584    100.00
STD:    0.000      0.06    0.00046      0.278      0.006

        1.136    681.68    0.00898      5.388      0.280      2.687    100.00
STD:    0.000      0.06    0.00042      0.253      0.007

        1.123    674.18    0.00555      3.329      0.114      0.679    100.00
STD:    0.000      0.09    0.00068      0.409      0.007

        1.110    665.97    0.05087     30.524      0.013      0.719    100.00
STD:    0.012      7.38    0.02573     15.438      0.003

        1.008    604.75    0.05345     32.077      0.055      3.125    100.00
STD:    0.002      0.91    0.00339      2.036      0.003

        0.989    593.63    0.00826      4.954      0.021      0.181    100.00
STD:    0.001      0.57    0.00395      2.367      0.005

        0.907    544.12    0.00825      4.948      0.069      0.609    100.00
STD:    0.000      0.19    0.00102      0.614      0.005

        0.894    536.18    0.00942      5.653      0.139      1.406    100.00
STD:    0.000      0.12    0.00091      0.543      0.007

        0.880    528.22    0.01432      8.596      0.226      3.468    100.00
STD:    0.000      0.14    0.00123      0.737      0.010

        0.867    520.41    0.01278      7.669      0.263      3.600    100.00
STD:    0.000      0.14    0.00129      0.776      0.016

        0.857    514.54    0.01024      6.142      0.268      2.932    100.00
STD:    0.000      0.11    0.00090      0.540      0.016

        0.846    507.89    0.00970      5.821      0.260      2.699    100.00
STD:    0.000      0.08    0.00064      0.384      0.007

        0.836    501.54    0.00754      4.526      0.190      1.538    100.00
STD:    0.000      0.08    0.00065      0.391      0.007

        0.825    495.20    0.01089      6.538      0.182      2.124    100.00
STD:    0.000      0.11    0.00089      0.536      0.005

        0.812    487.56    0.01008      6.050      0.073      0.791    100.00
STD:    0.000      0.23    0.00125      0.751      0.005

        0.731    438.82    0.00674      4.046      0.034      0.244    100.00
STD:    0.001      0.31    0.00166      0.994      0.005

        0.714    428.17    0.00963      5.778      0.037      0.378    100.00
STD:    0.001      0.39    0.00293      1.756      0.006

        0.698    419.09    0.03088     18.528      0.036      1.179    100.00
STD:    0.002      1.46    0.00456      2.736      0.004

        0.507    304.25    0.02153     12.922      0.007      0.151    100.00
STD:    0.005      2.78    0.01314      7.887      0.003

        0.201    120.46    0.03588     21.532      0.010      0.381    100.00
STD:    0.005      3.12    0.01569      9.415      0.002

