H
#frequency    half width   %gauss/100.
2768.388       1.76            0.0
2760.092       2.64            0.0
2322.785       5.28            0.0
2310.447       5.28            0.0
2289.283       7.04            0.0
2277.869       13.20           0.0
2258.678       7.92            0.0
2251.040       3.52            0.0
2243.424       2.64            0.0
2236.213       6.16            0.0
2231.756       6.16            0.0
2225.477       4.40            0.0
2220.655       5.28            0.0
2214.959       6.16            0.0
2207.608       7.04            0.0
2202.749       6.16            0.0
2196.931       4.40            0.0
2189.755       3.52            0.0
2185.997       3.52            0.0
2182.095       2.64            0.0
2174.559       2.64            0.0
2167.070       1.76            0.0
2159.585       3.52            0.0
2152.156       3.52            0.0
2145.051       2.64            0.0
2102.371       9.68            0.0
2095.085       5.28            0.0
2091.379       7.04            0.0
2079.886       9.68            0.0
2070.115       7.04            0.0
2060.331       7.04            0.0
2055.411       6.16            0.0
2048.703       7.04            0.0
2029.034       8.80            0.0
2020.100       8.80            0.0
2011.274       7.04            0.0
1934.461       4.40            0.0
1925.030       6.16            0.0
1915.972       5.28            0.0
1538.098       4.40            0.0
1337.155       7.04            0.0
1285.722       6.16            0.0
1277.631       7.04            0.0
1270.047       7.04            0.0
1262.350       9.68            0.0
1254.589       7.04            0.0
1152.022       3.52            0.0
1143.280       4.40            0.0
1135.897       7.04            0.0
1127.034       5.28            0.0
1117.702       6.16            0.0
1110.292       5.28            0.0
1073.868       6.16            0.0
1060.449       2.64            0.0
1016.620       7.92            0.0
961.698        7.92            0.0
925.956        7.04            0.0
918.620        6.16            0.0
911.340        6.16            0.0
904.088        7.92            0.0
896.711        7.92            0.0
888.363        7.04            0.0
878.345        6.16            0.0
869.571        7.04            0.0
862.049        8.80            0.0
853.923        6.16            0.0
771.137        4.40            0.0
721.581        4.40            0.0
710.700        3.52            0.0
702.477        5.28            0.0
694.984        5.28            0.0
688.212        7.92            0.0
681.445        5.28            0.0
673.894        3.52            0.0
666.060        4.40            0.0
602.314        9.68            0.0
594.188        8.80            0.0
543.531        5.28            0.0
535.113        7.04            0.0
526.760        7.92            0.0
519.643        7.04            0.0
514.293        7.04            0.0
507.684        6.16            0.0
501.348        6.16            0.0
494.665        7.04            0.0
488.250        6.16            0.0
438.697        7.04            0.0
427.355        7.92            0.0
420.325        6.16            0.0
302.489        3.52            0.0
119.384        3.52            0.0
