##TITLE= Parameter file, TOPSPIN		Version 3.2
##JCAMPDX= 5.0
##DATATYPE= Parameter Values
##NPOINTS= 2	$$ modification sequence number
##ORIGIN= Bruker BioSpin GmbH
##OWNER= external
$$ 2025-01-24 20:42:30.763 -0500  external@CZC4323K7N
$$ /opt/topspin3.2/data/external/nmr/hrmas_13C_UMass_cells_012425/71/acqu
$$ process /opt/topspin3.2/prog/mod/edparproc
##$ACQT0= 0
##$AMP= (0..31)
100 100 100 100 100 100 100 100 100 100 100 100 100 100 100 100 100 100
100 100 100 100 100 100 100 100 100 100 100 100 100 100
##$AMPCOIL= (0..19)
0 0 0 0 0 0 0 0 0 0 0 0 0 0 0 0 0 0 0 0
##$ANAVPT= 1
##$AQSEQ= 0
##$AQ_mod= 1
##$AUNM= <au_zgonly>
##$AUTOPOS= <>
##$BF1= 600.13
##$BF2= 600.13
##$BF3= 600.13
##$BF4= 600.13
##$BF5= 600.13
##$BF6= 600.13
##$BF7= 600.13
##$BF8= 600.13
##$BYTORDA= 0
##$CAGPARS= (0..11)
0 0 0 0 0 0 0 0 0 0 0 0
##$CFDGTYP= 0
##$CFRGTYP= 9
##$CHEMSTR= <none>
##$CNST= (0..63)
1 1 1 1 1 1 1 1 1 1 1 1 1 1 1 1 1 1 1 1 1 1 1 1 1 1 1 1 1 1 1 1 1 1 1 1
1 1 1 1 1 1 1 1 1 1 1 1 1 1 1 1 1 1 1 1 1 1 1 1 1 1 1 1
##$CPDPRG= (0..8)
<> <> <> <> <> <> <> <> <>
##$D= (0..63)
0 5 0 0 0 0 4.6e-06 0 0 0 0 0 0 0 0 0 0.0002 0 0 0 0 0 0 0 0 0 0 0 0 0
0 0 0 0 0 0 0 0 0 0 0 0 0 0 0 0 0 0 0 0 0 0 0 0 0 0 0 0 0 0 0 0 0 0
##$DATE= 0
##$DE= 4.6
##$DECBNUC= <off>
##$DECIM= 1664
##$DECNUC= <off>
##$DECSTAT= 4
##$DIGMOD= 2
##$DIGTYP= 12
##$DQDMODE= 0
##$DR= 22
##$DS= 4
##$DSPFIRM= 0
##$DSPFVS= 0
##$DTYPA= 0
##$EXP= <cell_a>
##$F1LIST= <freqlist>
##$F2LIST= <freqlist>
##$F3LIST= <freqlist>
##$FCUCHAN= (0..9)
0 2 0 0 0 0 0 0 0 0
##$FL1= 0
##$FL2= 0
##$FL3= 0
##$FL4= 0
##$FOV= 0
##$FQ1LIST= <>
##$FQ2LIST= <>
##$FQ3LIST= <>
##$FQ4LIST= <>
##$FQ5LIST= <>
##$FQ6LIST= <>
##$FQ7LIST= <>
##$FQ8LIST= <>
##$FRQLO3= 0
##$FRQLO3N= 0
##$FS= (0..7)
83 83 83 83 83 83 83 83
##$FTLPGN= 0
##$FW= 2e+08
##$FnMODE= 0
##$FnTYPE= 0
##$GPNAM= (0..31)
<> <> <> <> <> <> <> <> <> <> <> <> <> <> <> <> <> <> <> <> <> <> <> <>
<> <> <> <> <> <> <> <>
##$GPX= (0..31)
0 0 0 0 0 0 0 0 0 0 0 0 0 0 0 0 0 0 0 0 0 0 0 0 0 0 0 0 0 0 0 0
##$GPY= (0..31)
0 0 0 0 0 0 0 0 0 0 0 0 0 0 0 0 0 0 0 0 0 0 0 0 0 0 0 0 0 0 0 0
##$GPZ= (0..31)
0 0 0 0 0 0 0 0 0 0 0 0 0 0 0 0 0 0 0 0 0 0 0 0 0 0 0 0 0 0 0 0
##$GRDPROG= <>
##$GRPDLY= -1
##$HDDUTY= 20
##$HDRATE= 1
##$HGAIN= (0..3)
2000 0 0 0
##$HL1= 0
##$HL2= 0
##$HL3= 0
##$HL4= 0
##$HOLDER= 0
##$HPMOD= (0..7)
0 1 0 0 0 0 0 0
##$HPPRGN= 0
##$IN= (0..63)
0 0 0 0 0 0 0 0 0 0 0 0 0 0 0 0 0 0 0 0 0 0 0 0 0 0 0 0 0 0 0 0 0 0 0 0
0 0 0 0 0 0 0 0 0 0 0 0 0 0 0 0 0 0 0 0 0 0 0 0 0 0 0 0
##$INF= (0..7)
0 0 0 0 0 0 0 0
##$INP= (0..63)
0 0 0 0 0 0 0 0 0 0 0 0 0 0 0 0 0 0 0 0 0 0 0 0 0 0 0 0 0 0 0 0 0 0 0 0
0 0 0 0 0 0 0 0 0 0 0 0 0 0 0 0 0 0 0 0 0 0 0 0 0 0 0 0
##$INSTRUM= <>
##$L= (0..31)
1 1 1 1 1 1 1 1 1 1 1 1 1 1 1 1 1 1 1 1 1 1 1 1 1 1 1 1 1 1 1 1
##$LFILTER= 10
##$LGAIN= -10
##$LINPSTP= 0
##$LOCKED= no
##$LOCKFLD= 0
##$LOCKGN= 0
##$LOCKPOW= -20
##$LOCKPPM= 0
##$LOCNUC= <off>
##$LOCPHAS= 0
##$LOCSHFT= no
##$LOCSW= 0
##$LTIME= 0.1
##$MASR= 10000
##$MASRLST= <masrlst>
##$MULEXPNO= (0..15)
0 0 0 0 0 0 0 0 0 0 0 0 0 0 0 0
##$NBL= 1
##$NC= 0
##$NLOGCH= 4
##$NOVFLW= 0
##$NS= 64
##$NUC1= <1H>
##$NUC2= <off>
##$NUC3= <off>
##$NUC4= <off>
##$NUC5= <off>
##$NUC6= <off>
##$NUC7= <off>
##$NUC8= <off>
##$NUCLEUS= <off>
##$NUSLIST= <automatic>
##$NusAMOUNT= 25
##$NusFPNZ= no
##$NusJSP= 0
##$NusSEED= 54321
##$NusT2= 1
##$NusTD= 0
##$O1= 4966.73
##$O2= 1200.26
##$O3= 1200.26
##$O4= 1200.26
##$O5= 1200.26
##$O6= 1200.26
##$O7= 1200.26
##$O8= 1200.26
##$OVERFLW= 1
##$P= (0..63)
2.5 8 5 0 0 17.16 26 52 20000 0 0 80000 80000 1000 0 0 1000 0 100000 600
0 0 0 0 0 84 100000 2.5 0 1000 0 0 20000 0 0 0 0 0 0 0 2000 0 0 0 200 0
80000 0 0 0 0 0 0 0 0 0 0 0 0 0 0 0 0 0
##$PACOIL= (0..15)
1 0 0 2 3 4 0 0 0 0 0 0 0 0 0 0
##$PAPS= 0
##$PARMODE= 0
##$PCPD= (0..9)
0 70 0 0 0 0 0 0 0 0
##$PEXSEL= (0..9)
1 1 1 1 1 1 1 1 1 1
##$PHCOR= (0..31)
0 0 0 0 0 0 0 0 0 75 0 0 0 0 0 0 0 0 0 0 0 0 0 0 0 0 0 0 0 0 0 0
##$PHLIST= <>
##$PHP= 1
##$PH_ref= 90
##$PL= (0..63)
120 120 120 120 120 120 120 120 120 120 120 120 120 120 120 120 120 120
120 120 120 120 120 120 120 120 120 120 120 120 120 120 120 120 120 120
120 120 120 120 120 120 120 120 120 120 120 120 120 120 120 120 120 120
120 120 120 120 120 120 120 120 120 120
##$PLSTEP= 3
##$PLSTRT= -6
##$PLW= (0..63)
0 22.64644 0 0 0 0 0 0 0 5.623413e-05 0.98465 0.082176 0 0 0 0 0 0 106.5
0.13584 0 0 0 0 0 0 0 0.37734 0 0.98465 0 0 1.065e-06 0 0 0 0 0 0 0 0 0
0 0 0 0 0 0 0 0 0 0 0 0 0 0 0 0 0 0 0 0 0 0
##$PLWMAX= (0..7)
0 0 0 0 0 0 0 0
##$POWMOD= 0
##$PQPHASE= 0
##$PQSCALE= 1
##$PR= 1
##$PRECHAN= (0..15)
-1 4 0 3 5 6 1 -1 -1 -1 -1 -1 -1 -1 -1 -1
##$PRGAIN= 0
##$PROBHD= <>
##$PULPROG= <noesypr1d>
##$PW= 0
##$PYNM= <>
##$QNP= 0
##$RD= 0
##$RECCHAN= (0..15)
0 2 0 0 0 0 0 0 0 0 0 0 0 0 0 0
##$RECPH= 0
##$RECPRE= (0..15)
0 1 -1 -1 -1 -1 -1 -1 -1 -1 -1 -1 -1 -1 -1 -1
##$RECPRFX= (0..15)
1 0 0 0 0 0 0 0 0 0 0 0 0 0 0 0
##$RECSEL= (0..15)
0 0 1 0 0 0 0 0 0 0 0 0 0 0 0 0
##$RG= 203
##$RO= 0
##$ROUTWD1= (0..23)
0 2 2 2 2 2 2 2 0 0 0 0 0 0 0 0 0 0 0 0 0 0 0 0
##$ROUTWD2= (0..23)
0 2 2 2 2 2 2 2 0 0 0 0 0 0 0 0 0 0 0 0 0 0 0 0
##$RSEL= (0..15)
0 0 5 0 0 0 0 0 0 0 0 0 0 0 0 0
##$S= (0..7)
83 83 83 83 83 83 83 83
##$SELREC= (0..9)
0 0 0 0 0 0 0 0 0 0
##$SFO1= 600.13496673
##$SFO2= 600.13120026
##$SFO3= 600.13120026
##$SFO4= 600.13120026
##$SFO5= 600.13120026
##$SFO6= 600.13120026
##$SFO7= 600.13120026
##$SFO8= 600.13120026
##$SOLVENT= <TCE>
##$SOLVOLD= <off>
##$SP= (0..63)
120 120 120 120 120 120 120 120 120 120 120 120 120 120 120 120 120 120
120 120 120 120 120 120 120 120 120 120 120 120 120 120 120 120 120 120
120 120 120 120 120 120 120 120 120 120 120 120 120 120 120 120 120 120
120 120 120 120 120 120 120 120 120 120
##$SPECTR= 0
##$SPINCNT= 0
##$SPNAM= (0..63)
<> <Gaus1_270.1000> <Gaus1_180r.1000> <> <> <Squa100.1000> <Squa100.1000>
<> <Squa100.1000> <> <Squa100.1000> <Squa100.1000> <> <> <> <> <> <> <>
<Sinc1.1000> <Sinc1.1000> <Sinc1.1000> <Sinc1.1000> <> <> <> <> <> <> <Crp60,20,20.10>
<Bip720,50,20.1> <> <> <> <Gaus1_180r.1000> <> <> <> <> <> <> <> <> <>
<> <> <> <> <> <> <> <> <> <> <> <> <> <> <> <> <> <> <> <>
##$SPOAL= (0..63)
0.5 1 0.5 0.5 0.5 0.5 0.5 0.5 0.5 0.5 0.5 0.5 0.5 0.5 0.5 0.5 0.5 0.5 0.5
1 1 1 1 0.5 0.5 0.5 0.5 0.5 0.5 0.5 0.5 0.5 0.5 0.5 0.5 0.5 0.5 0.5 0.5
0.5 0.5 0.5 0.5 0.5 0.5 0.5 0.5 0.5 0.5 0.5 0.5 0.5 0.5 0.5 0.5 0.5 0.5
0.5 0.5 0.5 0.5 0.5 0.5 0.5
##$SPOFFS= (0..63)
0 0 0 0 0 0 0 0 0 0 0 0 0 0 0 0 0 0 0 0 0 0 0 0 0 0 0 0 0 0 0 0 0 0 0 0
0 0 0 0 0 0 0 0 0 0 0 0 0 0 0 0 0 0 0 0 0 0 0 0 0 0 0 0
##$SPPEX= (0..63)
0 0 0 0 0 0 0 0 0 0 0 0 0 0 0 0 0 0 0 0 0 0 0 0 0 0 0 0 0 0 0 0 0 0 0 0
0 0 0 0 0 0 0 0 0 0 0 0 0 0 0 0 0 0 0 0 0 0 0 0 0 0 0 0
##$SPW= (0..63)
0 5.5257e-06 2.4559e-06 0 0 0.00066563 2.6625e-05 0 6.6563e-08 0 0.00066563
0.00066563 0 0 0 0 0 0 0 3.920211e-06 6.093841e-06 2.845392e-06 1.534496e-05
0 0 0 0 0 0 0.025425 1.065 0 0 0 2.4559e-06 0 0 0 0 0 0 0 0 0 0 0 0 0 0
0 0 0 0 0 0 0 0 0 0 0 0 0 0 0
##$SUBNAM= (0..9)
<> <> <> <> <> <> <> <> <> <>
##$SW= 20.027546194685
##$SWIBOX= (0..19)
0 0 2 0 0 6 0 0 0 0 0 0 0 0 0 0 0 0 0 0
##$SW_h= 12019.2307692308
##$SWfinal= 0
##$TD= 32768
##$TD0= 1
##$TE= 303
##$TE1= 300
##$TE2= 300
##$TE3= 300
##$TE4= 300
##$TEG= 300
##$TE_PIDX= 0
##$TE_STAB= (0..9)
0 0 0 0 0 0 0 0 0 0
##$TL= (0..7)
120 120 120 120 120 120 120 120
##$TUNHIN= 0
##$TUNHOUT= 0
##$TUNXOUT= 0
##$USERA1= <>
##$USERA2= <>
##$USERA3= <>
##$USERA4= <>
##$USERA5= <>
##$V9= 5
##$VALIST= <>
##$VCLIST= <>
##$VD= 0
##$VDLIST= <>
##$VPLIST= <>
##$VTLIST= <>
##$WBST= 1024
##$WBSW= 4
##$XGAIN= (0..3)
670 0 0 0
##$XL= 0
##$YL= 0
##$YMAX_a= 0
##$YMIN_a= 0
##$ZGOPTNS= <>
##$ZL1= 120
##$ZL2= 120
##$ZL3= 120
##$ZL4= 120
##END=
