H
#frequency    half width   %gauss/100.
1470.898       3.08            0.0
1464.193       2.20            0.0
1457.057       2.20            0.0
1371.436       1.76            0.0
1345.995       5.72            0.0
1339.026       4.40            0.0
1332.501       3.08            0.0
1324.955       2.64            0.0
1317.192       1.32            0.0
1309.907       2.20            0.0
1306.797       3.08            0.0
1299.467       3.52            0.0
1295.618       3.52            0.0
1292.003       3.52            0.0
1284.188       3.52            0.0
1281.630       3.08            0.0
1275.867       3.08            0.0
1274.156       3.96            0.0
1268.401       7.48            0.0
1260.825       8.80            0.0
1252.614       6.60            0.0
1226.423       3.52            0.0
1219.291       3.52            0.0
1212.210       3.96            0.0
1208.483       3.52            0.0
1201.442       3.52            0.0
1197.696       4.40            0.0
1162.184       4.40            0.0
1154.880       3.96            0.0
1120.288       3.52            0.0
1076.566       0.88            0.0
1069.322       3.08            0.0
1062.529       2.64            0.0
1054.964       1.76            0.0
1026.506       3.96            0.0
1019.162       3.96            0.0
1011.940       4.40            0.0
951.270        0.88            0.0
947.549        1.76            0.0
944.108        2.64            0.0
940.487        3.08            0.0
936.908        3.08            0.0
933.195        3.52            0.0
929.812        3.96            0.0
925.925        3.08            0.0
922.163        3.96            0.0
914.660        4.84            0.0
907.321        7.48            0.0
900.482        4.40            0.0
895.787        7.92            0.0
885.913        6.60            0.0
878.130        7.48            0.0
870.965        3.52            0.0
867.441        3.96            0.0
860.293        3.96            0.0
853.147        3.52            0.0
849.499        3.52            0.0
845.885        3.52            0.0
842.215        3.52            0.0
838.850        3.52            0.0
835.278        3.52            0.0
831.392        3.96            0.0
824.438        3.52            0.0
820.417        3.96            0.0
799.743        4.40            0.0
756.439        4.40            0.0
723.047        1.76            0.0
714.001        3.08            0.0
706.902        5.28            0.0
702.223        6.16            0.0
694.674        7.92            0.0
687.600        14.09           0.0
606.839        14.97           0.0
599.700        8.36            0.0
591.004        7.04            0.0
584.546        6.60            0.0
540.089        4.84            0.0
531.844        5.72            0.0
524.746        7.92            0.0
516.996        8.36            0.0
509.998        12.32           0.0
498.586        5.72            0.0
491.661        6.60            0.0
486.227        6.16            0.0
462.047        3.52            0.0
458.327        3.96            0.0
454.642        3.52            0.0
450.899        3.52            0.0
447.286        3.08            0.0
440.847        5.28            0.0
435.068        7.48            0.0
424.372        7.48            0.0
416.995        11.88           0.0
404.851        7.04            0.0
397.576        7.48            0.0
337.512        3.08            0.0
329.885        8.36            0.0
318.697        4.84            0.0
310.516        7.48            0.0
302.412        5.28            0.0
294.580        3.52            0.0
201.644        3.08            0.0
175.555        7.04            0.0
137.904        3.96            0.0
131.316        6.16            0.0
122.129        7.04            0.0
114.630        9.24            0.0
106.726        6.60            0.0
98.670         5.28            0.0
43.504         5.28            0.0
