Data set: /Volumes/cctm/apavao/NMR/20230306_13CGlc_standards/33/pdata/2/

Fit type: Mixed Lorentzian and Gaussian

Fit        Frequency             Width        Intensity       Area     %Lor.
         ppm        Hz        ppm         Hz                           chisq

  1                                                                  1.9e+16

        2.234   1340.58    0.01907     11.443      0.016      0.332    100.00
STD:    0.003      1.84    0.00910      5.459      0.005

        2.148   1288.94    0.01007      6.040      0.127      1.364    100.00
STD:    0.000      0.20    0.00111      0.665      0.008

        2.134   1280.41    0.01013      6.081      0.287      3.111    100.00
STD:    0.000      0.11    0.00078      0.471      0.010

        2.121   1272.80    0.01157      6.945      0.284      3.524    100.00
STD:    0.000      0.12    0.00101      0.608      0.009

        2.109   1265.50    0.00839      5.037      0.229      2.058    100.00
STD:    0.000      0.12    0.00100      0.598      0.015

        2.097   1258.22    0.02517     15.105      0.177      4.778    100.00
STD:    0.001      0.52    0.00158      0.946      0.008

        1.926   1155.61    0.00044      0.264      0.000      0.000    100.00
STD:    3.059   1835.88   79.51450  47715.302      9.441

        1.910   1145.95    0.00500      2.998      0.406      2.174    100.00
STD:    0.000      0.04    0.00022      0.134      0.010

        1.899   1139.66    0.00627      3.762      0.294      1.971    100.00
STD:    0.000      0.11    0.00060      0.360      0.014

        1.894   1136.37    0.00518      3.107      0.142      0.787    100.00
STD:    0.000      0.18    0.00118      0.706      0.017

        1.883   1129.77    0.00987      5.921      0.924      9.765    100.00
STD:    0.000      0.03    0.00018      0.106      0.008

        1.867   1120.46    0.00608      3.650      0.471      3.069    100.00
STD:    0.000      0.04    0.00023      0.136      0.009

        1.855   1113.01    0.00743      4.458      0.318      2.530    100.00
STD:    0.000      0.06    0.00033      0.195      0.008

        1.812   1087.43    0.00150      0.902      0.000      0.000    100.00
STD:    2.180   1308.40    2.22025   1332.336      0.012

        1.795   1076.87    0.00599      3.592      0.018      0.116    100.00
STD:    0.002      0.94    0.00472      2.830      0.009

        1.783   1070.06    0.00310      1.862      0.022      0.072    100.00
STD:    0.001      0.57    0.00299      1.794      0.014

        1.772   1063.60    0.00315      1.891      0.006      0.020    100.00
STD:    0.004      2.33    0.00903      5.419      0.012

        1.710   1026.41    0.00663      3.980      0.014      0.102    100.00
STD:    0.002      1.27    0.00680      4.081      0.009

        1.695   1017.34    0.01038      6.230      0.022      0.245    100.00
STD:    0.002      1.06    0.00561      3.369      0.007

        1.618    971.03    0.00326      1.958      0.013      0.044    100.00
STD:    0.002      1.01    0.00498      2.989      0.013

        1.607    964.21    0.00648      3.886      0.039      0.271    100.00
STD:    0.001      0.51    0.00319      1.912      0.010

        1.596    957.53    0.01202      7.213      0.026      0.334    100.00
STD:    0.002      1.25    0.00641      3.844      0.007

        1.548    929.17    0.01650      9.899      0.113      1.994    100.00
STD:    0.001      0.35    0.00178      1.068      0.006

        1.536    921.56    0.00578      3.468      0.243      1.501    100.00
STD:    0.000      0.07    0.00050      0.302      0.010

        1.524    914.33    0.00740      4.440      0.317      2.511    100.00
STD:    0.000      0.07    0.00045      0.270      0.009

        1.512    907.23    0.00917      5.504      0.238      2.333    100.00
STD:    0.000      0.12    0.00091      0.543      0.010

        1.499    899.80    0.01236      7.415      0.140      1.853    100.00
STD:    0.000      0.26    0.00204      1.225      0.008

        1.487    892.19    0.00674      4.047      0.063      0.455    100.00
STD:    0.001      0.32    0.00211      1.265      0.010

        1.469    881.30    0.01155      6.933      0.249      3.079    100.00
STD:    0.000      0.11    0.00072      0.429      0.007

        1.454    872.68    0.00896      5.377      0.742      7.118    100.00
STD:    0.000      0.03    0.00024      0.142      0.008

        1.441    864.72    0.00927      5.565      0.826      8.202    100.00
STD:    0.000      0.03    0.00024      0.145      0.009

        1.428    856.81    0.01466      8.800      0.361      5.668    100.00
STD:    0.000      0.11    0.00052      0.314      0.007

        1.288    773.09    0.05866     35.200      0.054      3.379    100.00
STD:    0.002      0.98    0.00515      3.093      0.003

        1.208    725.08    0.00141      0.845      0.019      0.029    100.00
STD:    0.001      0.68    0.00733      4.398      0.105

        1.192    715.51    0.00850      5.103      0.017      0.159    100.00
STD:    0.002      1.17    0.00626      3.756      0.008

        1.175    705.39    0.00570      3.418      0.136      0.827    100.00
STD:    0.000      0.13    0.00070      0.418      0.010

        1.163    698.10    0.00664      3.985      0.309      2.198    100.00
STD:    0.000      0.07    0.00045      0.272      0.010

        1.152    691.20    0.01172      7.034      0.409      5.132    100.00
STD:    0.000      0.09    0.00070      0.421      0.008

        1.140    684.22    0.00809      4.857      0.306      2.655    100.00
STD:    0.000      0.08    0.00058      0.350      0.010

        1.128    676.75    0.00725      4.350      0.129      0.998    100.00
STD:    0.000      0.16    0.00087      0.525      0.009

        1.010    605.80    0.06631     39.791      0.062      4.369    100.00
STD:    0.005      3.03    0.04741     28.452      0.108

        1.001    600.74    0.13198     79.200      0.002      0.341    100.00
STD:    0.370    221.95    2.09325   1256.124      0.109

        0.911    546.70    0.00756      4.539      0.082      0.665    100.00
STD:    0.000      0.25    0.00152      0.911      0.009

        0.898    538.67    0.00951      5.708      0.163      1.664    100.00
STD:    0.000      0.18    0.00131      0.785      0.011

        0.885    530.94    0.01329      7.975      0.254      3.613    100.00
STD:    0.000      0.19    0.00168      1.011      0.016

        0.872    523.01    0.01318      7.912      0.325      4.590    100.00
STD:    0.000      0.19    0.00171      1.026      0.022

        0.861    516.88    0.00979      5.876      0.299      3.132    100.00
STD:    0.000      0.14    0.00129      0.774      0.025

        0.851    510.42    0.01018      6.107      0.299      3.255    100.00
STD:    0.000      0.12    0.00102      0.611      0.012

        0.840    504.17    0.00668      4.010      0.218      1.563    100.00
STD:    0.000      0.11    0.00088      0.527      0.014

        0.830    497.90    0.01156      6.937      0.213      2.631    100.00
STD:    0.000      0.17    0.00140      0.838      0.008

        0.817    490.29    0.00924      5.544      0.079      0.784    100.00
STD:    0.001      0.34    0.00198      1.191      0.009

        0.736    441.46    0.00697      4.185      0.044      0.325    100.00
STD:    0.001      0.42    0.00243      1.457      0.009

        0.718    430.98    0.00777      4.662      0.041      0.337    100.00
STD:    0.001      0.52    0.00410      2.457      0.012

        0.704    422.49    0.03346     20.080      0.042      1.504    100.00
STD:    0.004      2.42    0.00843      5.057      0.006

