H
#frequency    half width   %gauss/100.
1339.414       7.04            0.0
1286.966       7.04            0.0
1279.603       7.04            0.0
1272.324       7.92            0.0
1264.875       8.80            0.0
1258.553       7.92            0.0
1154.286       2.64            0.0
1145.526       3.52            0.0
1138.944       4.40            0.0
1135.489       2.64            0.0
1129.165       5.28            0.0
1120.103       4.40            0.0
1112.501       6.16            0.0
1085.670       3.52            0.0
1077.608       4.40            0.0
1069.520       1.76            0.0
1062.638       3.52            0.0
1025.654       3.52            0.0
1015.749       4.40            0.0
971.908        1.76            0.0
963.794        6.16            0.0
957.575        5.28            0.0
928.460        5.28            0.0
921.084        5.28            0.0
913.742        5.28            0.0
906.512        7.92            0.0
901.121        2.64            0.0
891.445        7.04            0.0
880.668        6.16            0.0
872.109        7.04            0.0
864.512        7.92            0.0
857.249        0.88            0.0
771.326        3.52            0.0
724.408        5.28            0.0
713.305        4.40            0.0
704.940        5.28            0.0
697.566        5.28            0.0
690.928        7.92            0.0
683.951        5.28            0.0
676.472        3.52            0.0
604.856        9.68            0.0
596.775        7.92            0.0
546.201        4.40            0.0
537.625        7.04            0.0
529.550        7.92            0.0
522.305        7.92            0.0
516.598        6.16            0.0
510.296        7.04            0.0
503.952        5.28            0.0
497.118        7.92            0.0
490.881        5.28            0.0
441.169        6.16            0.0
430.194        8.80            0.0
421.906        9.68            0.0
