Data set: /Volumes/cctm/apavao/NMR/20230306_13CGlc_standards/43/pdata/2/

Fit type: Mixed Lorentzian and Gaussian

Fit        Frequency             Width        Intensity       Area     %Lor.
         ppm        Hz        ppm         Hz                           chisq

  1                                                                  3.2e+16

        2.469   1481.82    0.00473      2.837      0.004      0.043    100.00
STD:    0.003      2.03    0.01023      6.139      0.006

        2.453   1471.84    0.00821      4.929      0.007      0.115    100.00
STD:    0.003      1.85    0.01051      6.306      0.005

        2.440   1464.47    0.00523      3.138      0.007      0.081    100.00
STD:    0.002      1.33    0.00767      4.600      0.006

        2.429   1457.48    0.00542      3.252      0.007      0.085    100.00
STD:    0.002      1.29    0.00680      4.078      0.006

        2.415   1449.04    0.00260      1.562      0.003      0.016    100.00
STD:    0.004      2.18    0.01070      6.418      0.008

        2.327   1396.59    0.00033      0.199      0.006      0.004    100.00
STD:    0.005      3.11    0.04552     27.315      1.343

        2.287   1372.46    0.00999      5.995      0.005      0.100    100.00
STD:    0.005      2.71    0.01357      8.146      0.004

        2.245   1347.05    0.01833     10.997      0.020      0.790    100.00
STD:    0.003      1.93    0.00742      4.454      0.005

        2.232   1339.66    0.00980      5.878      0.022      0.453    100.00
STD:    0.001      0.86    0.00724      4.343      0.007

        2.222   1333.29    0.00737      4.424      0.020      0.318    100.00
STD:    0.001      0.68    0.00397      2.380      0.006

        2.209   1325.38    0.00203      1.217      0.008      0.036    100.00
STD:    0.001      0.67    0.00357      2.144      0.010

        2.199   1319.39    0.00051      0.308      0.000      0.000    100.00
STD:   43.165  25902.88   32.40878  19447.960      0.499

        2.198   1318.96    0.00059      0.352      0.000      0.000    100.00
STD:   24.588  14754.88   22.73217  13641.191      0.367

        2.192   1315.18    0.00044      0.264      0.000      0.000    100.00
STD:    1.108    665.08   13.96704   8381.383      0.526

        2.185   1311.23    0.00044      0.264      0.000      0.000    100.00
STD:    0.478    287.05    7.54076   4525.083      0.547

        2.181   1308.55    0.00059      0.352      0.000      0.000    100.00
STD:    0.551    330.75    3.19991   1920.213      0.158

        2.163   1297.70    0.02233     13.398      0.022      1.074    100.00
STD:    0.002      1.01    0.00651      3.904      0.003

        2.141   1284.61    0.00721      4.326      0.261      4.037    100.00
STD:    0.000      0.08    0.00041      0.247      0.006

        2.136   1281.94    0.00243      1.457      0.095      0.493    100.00
STD:    0.000      0.08    0.00053      0.315      0.011

        2.126   1275.69    0.01060      6.359      0.625     14.193    100.00
STD:    0.000      0.03    0.00022      0.129      0.006

        2.113   1268.11    0.01170      7.023      0.579     14.500    100.00
STD:    0.000      0.04    0.00034      0.202      0.007

        2.101   1260.87    0.01077      6.463      0.568     13.099    100.00
STD:    0.000      0.04    0.00028      0.170      0.007

        2.087   1252.54    0.01162      6.974      0.291      7.236    100.00
STD:    0.000      0.06    0.00033      0.199      0.005

        2.059   1235.45    0.00059      0.352      0.000      0.000    100.00
STD:    0.528    317.11    1.85647   1114.035      0.116

        2.050   1230.24    0.00129      0.773      0.005      0.014    100.00
STD:    0.001      0.78    0.00617      3.703      0.017

        2.044   1226.46    0.00209      1.252      0.005      0.022    100.00
STD:    0.002      1.22    0.00607      3.644      0.009

        2.038   1223.16    0.00261      1.564      0.005      0.031    100.00
STD:    0.002      1.20    0.00671      4.027      0.008

        2.032   1219.48    0.00266      1.596      0.005      0.029    100.00
STD:    0.002      1.34    0.00809      4.852      0.008

        2.022   1213.42    0.01146      6.880      0.009      0.221    100.00
STD:    0.005      3.07    0.02022     12.136      0.009

        2.011   1206.95    0.01128      6.770      0.007      0.167    100.00
STD:    0.006      3.73    0.03618     21.712      0.009

        2.003   1201.80    0.00522      3.130      0.005      0.053    100.00
STD:    0.004      2.58    0.02016     12.097      0.010

        1.992   1195.52    0.01953     11.718      0.015      0.611    100.00
STD:    0.004      2.45    0.00950      5.704      0.004

        1.937   1162.59    0.00501      3.005      0.007      0.078    100.00
STD:    0.002      1.22    0.00595      3.572      0.006

        1.925   1155.10    0.00177      1.062      0.004      0.015    100.00
STD:    0.002      1.32    0.00648      3.887      0.010

        1.782   1069.62    0.00149      0.894      0.004      0.013    100.00
STD:    0.002      1.04    0.00684      4.106      0.013

        1.773   1063.92    0.00309      1.853      0.002      0.016    100.00
STD:    0.005      2.84    0.01368      8.210      0.008

        1.758   1055.10    0.00057      0.342      0.005      0.006    100.00
STD:    0.001      0.72    0.01729     10.378      0.198

        1.711   1026.88    0.00593      3.557      0.006      0.077    100.00
STD:    0.003      1.67    0.00910      5.459      0.006

        1.698   1019.03    0.00904      5.424      0.014      0.269    100.00
STD:    0.002      1.00    0.00666      3.995      0.005

        1.684   1010.82    0.01044      6.267      0.018      0.412    100.00
STD:    0.001      0.83    0.00440      2.641      0.004

        1.586    951.94    0.00022      0.132      0.000      0.000    100.00
STD:   11.020   6612.70   33.09699  19860.944      2.691

        1.580    947.89    0.00037      0.220      0.002      0.002    100.00
STD:    0.020     12.22    0.01187      7.121      0.058

        1.574    944.40    0.00192      1.152      0.016      0.068    100.00
STD:    0.001      0.35    0.00159      0.956      0.009

        1.568    940.83    0.00261      1.564      0.020      0.110    100.00
STD:    0.001      0.34    0.00187      1.120      0.008

        1.562    937.32    0.00333      1.999      0.029      0.209    100.00
STD:    0.000      0.27    0.00169      1.016      0.007

        1.556    933.71    0.00403      2.421      0.043      0.375    100.00
STD:    0.000      0.22    0.00155      0.931      0.007

        1.550    930.20    0.00463      2.776      0.080      0.789    100.00
STD:    0.000      0.13    0.00094      0.566      0.007

        1.544    926.68    0.00270      1.618      0.060      0.347    100.00
STD:    0.000      0.12    0.00077      0.461      0.008

        1.537    922.37    0.00713      4.280      0.284      4.332    100.00
STD:    0.000      0.04    0.00029      0.177      0.005

        1.525    914.99    0.00714      4.285      0.540      8.259    100.00
STD:    0.000      0.02    0.00016      0.093      0.005

        1.513    907.83    0.00901      5.404      0.567     10.929    100.00
STD:    0.000      0.03    0.00024      0.147      0.008

        1.502    901.35    0.01162      6.973      0.411     10.238    100.00
STD:    0.000      0.07    0.00064      0.384      0.013

        1.491    894.42    0.01331      7.989      0.296      8.442    100.00
STD:    0.000      0.11    0.00106      0.638      0.010

        1.481    888.58    0.00535      3.210      0.056      0.645    100.00
STD:    0.001      0.37    0.00272      1.631      0.023

        1.476    885.68    0.00758      4.550      0.128      2.071    100.00
STD:    0.000      0.28    0.00150      0.900      0.017

        1.463    878.10    0.01302      7.816      0.075      2.093    100.00
STD:    0.001      0.31    0.00262      1.570      0.005

        1.452    871.15    0.00580      3.478      0.019      0.235    100.00
STD:    0.001      0.90    0.00720      4.323      0.019

        1.445    867.01    0.01136      6.818      0.027      0.655    100.00
STD:    0.002      1.43    0.01399      8.396      0.018

        1.433    859.92    0.01514      9.084      0.019      0.632    100.00
STD:    0.004      2.26    0.01723     10.337      0.012

        1.422    853.29    0.00481      2.889      0.009      0.096    100.00
STD:    0.002      1.11    0.00866      5.198      0.008

        1.416    849.55    0.00278      1.668      0.009      0.054    100.00
STD:    0.001      0.77    0.00459      2.757      0.008

        1.410    846.01    0.00233      1.401      0.006      0.029    100.00
STD:    0.002      1.04    0.00603      3.621      0.009

        1.404    842.37    0.00274      1.643      0.006      0.036    100.00
STD:    0.002      1.13    0.00639      3.832      0.008

        1.398    839.06    0.00277      1.661      0.007      0.039    100.00
STD:    0.002      1.05    0.00587      3.520      0.008

        1.392    835.48    0.00148      0.888      0.005      0.015    100.00
STD:    0.002      0.92    0.00637      3.821      0.013

        1.386    831.59    0.00215      1.292      0.008      0.039    100.00
STD:    0.001      0.69    0.00340      2.043      0.009

        1.371    822.47    0.00066      0.396      0.000      0.000    100.00
STD:    1.404    842.39    1.43023    858.257      0.011

        1.367    820.59    0.00237      1.421      0.009      0.045    100.00
STD:    0.001      0.73    0.00391      2.348      0.009

        1.330    797.90    0.04291     25.748      0.030      2.775    100.00
STD:    0.001      0.90    0.00498      2.990      0.002

        1.264    758.43    0.01063      6.381      0.003      0.072    100.00
STD:    0.007      4.09    0.02040     12.242      0.004

        1.206    723.94    0.00029      0.176      0.000      0.000    100.00
STD:   17.506  10504.80   45.38635  27235.579      0.925

        1.188    712.69    0.00044      0.264      0.000      0.000    100.00
STD:    2.759   1655.83   23.52959  14119.707      0.479

        1.174    704.49    0.00081      0.484      0.000      0.000    100.00
STD:    1.194    716.53    1.66738   1000.566      0.011

        1.171    702.40    0.00432      2.593      0.012      0.111    100.00
STD:    0.001      0.83    0.00477      2.860      0.006

        1.157    694.43    0.00946      5.675      0.018      0.367    100.00
STD:    0.001      0.75    0.00544      3.267      0.005

        1.137    682.53    0.03837     23.027      0.017      1.407    100.00
STD:    0.005      2.74    0.01059      6.354      0.003

        1.017    610.21    0.03391     20.350      0.076      5.486    100.00
STD:    0.001      0.63    0.00244      1.466      0.003

        1.000    599.85    0.00839      5.037      0.088      1.578    100.00
STD:    0.000      0.15    0.00107      0.644      0.006

        0.985    591.06    0.00682      4.090      0.072      1.053    100.00
STD:    0.000      0.15    0.00093      0.556      0.005

        0.974    584.22    0.00531      3.184      0.032      0.366    100.00
STD:    0.000      0.30    0.00160      0.961      0.006

        0.900    540.34    0.00579      3.473      0.139      1.727    100.00
STD:    0.000      0.07    0.00038      0.230      0.006

        0.887    532.56    0.00705      4.231      0.322      4.859    100.00
STD:    0.000      0.04    0.00025      0.149      0.006

        0.876    525.43    0.01064      6.384      0.499     11.358    100.00
STD:    0.000      0.03    0.00026      0.158      0.005

        0.862    517.52    0.00908      5.450      0.528     10.273    100.00
STD:    0.000      0.03    0.00027      0.165      0.010

        0.848    509.02    0.02533     15.202      0.836     45.362    100.00
STD:    0.000      0.06    0.00055      0.332      0.006

        0.831    498.65    0.01095      6.572      0.396      9.283    100.00
STD:    0.000      0.05    0.00044      0.264      0.009

        0.820    491.91    0.00755      4.530      0.363      5.867    100.00
STD:    0.000      0.04    0.00028      0.168      0.006

        0.809    485.18    0.00798      4.790      0.182      3.105    100.00
STD:    0.000      0.07    0.00042      0.251      0.005

        0.773    463.97    0.00059      0.352      0.000      0.000    100.00
STD:  197.082 118265.46   65.65596  39399.026     46.052

        0.773    463.80    0.00059      0.352      0.000      0.000    100.00
STD:  181.050 108645.32   53.39080  32038.910     34.561

        0.766    459.86    0.00051      0.308      0.000      0.000    100.00
STD:    1.310    786.02    3.33149   1999.168      0.140

        0.760    455.96    0.00044      0.264      0.000      0.000    100.00
STD:    1.669   1001.76   10.08791   6053.585      0.423

        0.748    449.14    0.00059      0.352      0.000      0.000    100.00
STD:   75.324  45200.54   21.51595  12911.357      3.106

        0.748    448.82    0.00051      0.308      0.000      0.000    100.00
STD:   93.342  56012.73   28.17658  16908.290      3.821

        0.736    441.49    0.00121      0.724      0.013      0.034    100.00
STD:    0.000      0.28    0.00246      1.474      0.020

        0.725    434.89    0.00639      3.837      0.094      1.285    100.00
STD:    0.000      0.11    0.00060      0.357      0.005

        0.708    424.65    0.00878      5.271      0.119      2.233    100.00
STD:    0.000      0.12    0.00075      0.449      0.005

        0.695    417.07    0.01079      6.477      0.080      1.850    100.00
STD:    0.000      0.24    0.00198      1.188      0.007

        0.679    407.62    0.02154     12.925      0.038      1.731    100.00
STD:    0.002      0.99    0.00993      5.959      0.010

        0.656    393.83    0.04235     25.411      0.014      1.239    100.00
STD:    0.012      6.95    0.02167     13.002      0.007

        0.565    338.94    0.00051      0.308      0.000      0.000    100.00
STD:    0.332    199.02    6.68858   4013.704      0.335

        0.557    334.06    0.04476     26.858      0.017      1.663    100.00
STD:    0.004      2.47    0.01298      7.788      0.002

        0.531    318.77    0.00736      4.416      0.006      0.093    100.00
STD:    0.003      1.98    0.01282      7.692      0.005

        0.518    310.69    0.00835      5.010      0.009      0.161    100.00
STD:    0.002      1.39    0.00832      4.992      0.005

        0.505    302.82    0.00347      2.083      0.009      0.070    100.00
STD:    0.001      0.79    0.00414      2.487      0.007

        0.491    294.77    0.00051      0.308      0.000      0.000    100.00
STD:    0.074     44.20    0.11043     66.269      0.080

        0.337    202.04    0.00088      0.527      0.003      0.007    100.00
STD:    0.002      0.94    0.01238      7.429      0.044

        0.297    178.40    0.02313     13.880      0.005      0.234    100.00
STD:    0.007      4.05    0.01953     11.721      0.003

        0.231    138.44    0.00248      1.490      0.005      0.026    100.00
STD:    0.002      1.28    0.00613      3.681      0.008

        0.219    131.22    0.00558      3.348      0.011      0.134    100.00
STD:    0.001      0.88    0.00501      3.007      0.006

        0.205    122.91    0.01060      6.364      0.018      0.417    100.00
STD:    0.002      0.97    0.00669      4.014      0.005

        0.191    114.61    0.01322      7.933      0.028      0.791    100.00
STD:    0.001      0.79    0.00656      3.935      0.005

        0.178    106.67    0.00858      5.149      0.019      0.342    100.00
STD:    0.001      0.83    0.00631      3.787      0.006

        0.164     98.30    0.01686     10.118      0.007      0.239    100.00
STD:    0.006      3.88    0.01835     11.009      0.004

        0.076     45.90    0.04033     24.199      0.005      0.445    100.00
STD:    0.011      6.76    0.03347     20.083      0.002

        0.056     33.55    0.00408      2.450      0.004      0.037    100.00
STD:    0.003      1.92    0.01161      6.966      0.007

