H
#frequency    half width   %gauss/100.
1481.802       3.52            0.0
1470.960       4.40            0.0
1464.258       4.40            0.0
1457.117       5.28            0.0
1449.105       3.08            0.0
1396.102       1.76            0.0
1371.476       3.52            0.0
1346.040       7.04            0.0
1339.074       4.40            0.0
1332.548       3.52            0.0
1324.979       3.08            0.0
1320.926       3.08            0.0
1317.201       3.52            0.0
1313.863       2.64            0.0
1309.910       2.64            0.0
1306.788       3.52            0.0
1299.465       3.52            0.0
1284.238       3.96            0.0
1281.666       3.08            0.0
1275.969       3.96            0.0
1268.471       7.48            0.0
1260.908       7.92            0.0
1252.681       6.16            0.0
1233.689       3.52            0.0
1230.173       3.52            0.0
1226.408       3.52            0.0
1222.981       3.52            0.0
1219.285       3.52            0.0
1212.224       3.96            0.0
1208.492       3.08            0.0
1201.458       3.52            0.0
1197.721       4.40            0.0
1162.218       4.40            0.0
1154.907       3.08            0.0
1069.349       2.64            0.0
1065.019       2.20            0.0
1054.988       1.76            0.0
1026.527       3.96            0.0
1019.197       3.96            0.0
1011.970       4.40            0.0
951.280        1.32            0.0
947.553        2.20            0.0
944.120        3.08            0.0
940.494        3.08            0.0
936.916        3.52            0.0
933.201        3.52            0.0
929.830        3.96            0.0
925.928        3.08            0.0
922.191        4.40            0.0
914.694        4.84            0.0
907.359        7.48            0.0
900.533        4.40            0.0
895.815        7.92            0.0
888.827        2.64            0.0
885.959        6.16            0.0
878.145        7.48            0.0
870.970        3.52            0.0
867.449        3.96            0.0
860.299        3.96            0.0
853.152        3.96            0.0
849.505        3.52            0.0
845.887        3.52            0.0
842.220        3.52            0.0
838.858        3.52            0.0
835.284        3.08            0.0
831.405        4.40            0.0
824.446        3.96            0.0
820.432        3.52            0.0
799.768        4.40            0.0
756.454        3.96            0.0
723.062        1.76            0.0
714.009        2.64            0.0
706.912        4.84            0.0
702.244        6.16            0.0
694.698        7.48            0.0
687.617        14.09           0.0
606.859        14.97           0.0
599.720        7.92            0.0
591.022        7.04            0.0
584.555        6.60            0.0
540.096        4.84            0.0
531.854        5.72            0.0
524.765        7.92            0.0
517.009        8.36            0.0
510.009        12.32           0.0
498.593        5.72            0.0
491.669        6.60            0.0
486.231        6.16            0.0
465.733        3.52            0.0
462.043        3.52            0.0
458.324        3.08            0.0
454.639        2.64            0.0
450.896        3.52            0.0
447.281        3.08            0.0
440.847        4.84            0.0
435.072        7.48            0.0
424.375        7.48            0.0
416.997        11.44           0.0
404.850        7.04            0.0
397.574        7.48            0.0
337.504        3.08            0.0
329.881        8.36            0.0
318.693        4.84            0.0
310.508        7.48            0.0
302.405        5.28            0.0
294.575        3.08            0.0
201.630        2.64            0.0
175.543        5.72            0.0
137.890        3.52            0.0
131.286        6.16            0.0
122.097        7.04            0.0
114.580        9.24            0.0
106.677        6.60            0.0
98.649         5.28            0.0
43.485         4.84            0.0
33.104         3.52            0.0
