32768
17813 3.596803
17969 3.482392
18096 3.389433
18227 3.292898
18369 3.189213
18461 3.121282
18588 3.028322
18715 2.935363
18827 2.853130
19036 2.699390
19100 2.652911
19148 2.617157
19187 2.588554
19251 2.542075
19295 2.509896
19499 2.359732
19543 2.327554
19602 2.284649
20041 1.962868
20118 1.905662
20192 1.852032
20245 1.812703
20289 1.780525
20328 1.751922
20484 1.637511
20830 1.383661
20976 1.276400
21035 1.233496
21079 1.201318
21196 1.115510
21244 1.079756
21430 0.943893
21664 0.772276
21683 0.757974
21849 0.636412
21878 0.614960
21907 0.593508
22068 0.475522
22088 0.461220
22132 0.429042
22185 0.389713
22219 0.364686
22288 0.314631
22322 0.289603
22361 0.261001
22551 0.121562
22702 0.010726
22790 -0.053630
22887 -0.125137
23121 -0.296754
23297 -0.425467
23438 -0.529152
23657 -0.690043
23794 -0.790153
23974 -0.922441
24130 -1.036852
24340 -1.190592
24501 -1.308579
