Data set: /Volumes/cctm/apavao/NMR/20230306_13CGlc_standards/43/pdata/3/

Fit type: Mixed Lorentzian and Gaussian

Fit        Frequency             Width        Intensity       Area     %Lor.
         ppm        Hz        ppm         Hz                           chisq

  1                                                                  3.4e+16

        2.235   1340.96    0.02844     17.069      0.021      1.114     60.00
STD:    0.002      1.22    0.00602      3.612      0.003

        2.140   1284.08    0.01368      8.208      0.309      7.897     60.00
STD:    0.000      0.08    0.00034      0.204      0.004

        2.126   1275.71    0.00955      5.732      0.641     11.423     60.00
STD:    0.000      0.04    0.00021      0.129      0.007

        2.113   1268.23    0.01214      7.283      0.645     14.592     60.00
STD:    0.000      0.05    0.00037      0.220      0.006

        2.101   1260.91    0.01008      6.046      0.579     10.881     60.00
STD:    0.000      0.05    0.00027      0.164      0.008

        2.088   1252.86    0.01176      7.059      0.299      6.569     60.00
STD:    0.000      0.08    0.00033      0.195      0.004

        1.999   1199.72    0.00733      4.399      0.013      0.171     60.00
STD:    0.001      0.86    0.00382      2.293      0.005

        1.936   1161.67    0.01720     10.321      0.007      0.221     60.00
STD:    0.004      2.40    0.01062      6.373      0.003

        1.782   1069.19    0.00007      0.044      0.000      0.000     60.00
STD:  224.774 134882.86 17116.52883 10271338.551   1056.442

        1.688   1013.11    0.03225     19.350      0.024      1.439     60.00
STD:    0.002      0.95    0.00421      2.528      0.002

        1.533    919.95    0.03396     20.377      0.285     18.025     60.00
STD:    0.001      0.36    0.00092      0.551      0.005

        1.525    914.91    0.00495      2.970      0.410      3.789     60.00
STD:    0.000      0.02    0.00017      0.099      0.010

        1.513    907.88    0.00915      5.492      0.526      8.987     60.00
STD:    0.000      0.05    0.00026      0.154      0.011

        1.502    901.40    0.00998      5.992      0.391      7.275     60.00
STD:    0.000      0.07    0.00051      0.305      0.011

        1.492    895.09    0.00944      5.665      0.199      3.509     60.00
STD:    0.000      0.13    0.00090      0.543      0.018

        1.482    889.06    0.03468     20.809      0.168     10.869     60.00
STD:    0.002      0.92    0.00184      1.103      0.010

        1.331    798.63    0.02364     14.185      0.017      0.751     60.00
STD:    0.002      1.14    0.00506      3.038      0.003

        1.155    693.24    0.02437     14.621      0.016      0.711     60.00
STD:    0.002      1.26    0.00558      3.349      0.003

        1.031    618.42    0.02612     15.674      0.034      1.635     60.00
STD:    0.004      2.29    0.00637      3.820      0.006

        1.013    607.85    0.01544      9.265      0.064      1.857     60.00
STD:    0.001      0.48    0.00406      2.438      0.010

        1.000    599.87    0.00869      5.214      0.097      1.566     60.00
STD:    0.000      0.19    0.00099      0.591      0.007

        0.985    591.32    0.00777      4.664      0.072      1.044     60.00
STD:    0.000      0.17    0.00090      0.542      0.005

        0.974    584.37    0.00582      3.491      0.029      0.314     60.00
STD:    0.001      0.35    0.00168      1.006      0.006

        0.900    539.89    0.01240      7.441      0.185      4.282     60.00
STD:    0.000      0.11    0.00052      0.310      0.004

        0.888    532.63    0.00753      4.520      0.381      5.358     60.00
STD:    0.000      0.04    0.00026      0.156      0.007

        0.876    525.51    0.01165      6.990      0.621     13.486     60.00
STD:    0.000      0.04    0.00032      0.190      0.005

        0.862    517.43    0.01105      6.629      0.790     16.272     60.00
STD:    0.000      0.05    0.00032      0.189      0.012

        0.851    510.41    0.01161      6.966      0.734     15.902     60.00
STD:    0.000      0.08    0.00053      0.321      0.022

        0.840    504.20    0.01109      6.653      0.546     11.290     60.00
STD:    0.000      0.09    0.00072      0.435      0.020

        0.831    498.60    0.00739      4.436      0.496      6.843     60.00
STD:    0.000      0.05    0.00032      0.192      0.017

        0.821    492.44    0.00982      5.893      0.451      8.256     60.00
STD:    0.000      0.05    0.00034      0.203      0.005

        0.809    485.25    0.00828      4.966      0.194      2.998     60.00
STD:    0.000      0.08    0.00039      0.236      0.005

        0.725    435.05    0.00741      4.448      0.090      1.249     60.00
STD:    0.000      0.13    0.00067      0.404      0.005

        0.708    425.02    0.00666      3.997      0.084      1.049     60.00
STD:    0.000      0.13    0.00092      0.555      0.008

        0.696    417.83    0.03114     18.684      0.080      4.675     60.00
STD:    0.001      0.71    0.00209      1.254      0.003

        0.194    116.62    0.03641     21.849      0.028      1.872     60.00
STD:    0.002      1.38    0.00614      3.686      0.002

