H
#frequency    half width   %gauss/100.
1339.692       4.40            0.4
1283.622       1.32            0.4
1275.276       4.40            0.4
1268.855       7.48            0.4
1261.151       7.04            0.4
1253.019       5.28            0.4
1199.945       0.44            0.4
1161.423       1.76            0.4
1068.972       0.44            0.4
1012.473       3.96            0.4
922.590        5.28            0.4
914.886        5.28            0.4
907.823        7.48            0.4
901.403        4.40            0.4
896.053        7.48            0.4
886.422        5.28            0.4
800.391        4.40            0.4
694.885        6.60            0.4
620.838        4.84            0.4
607.784        13.64           0.4
599.651        7.04            0.4
591.519        6.16            0.4
584.885        5.72            0.4
540.585        4.84            0.4
532.239        6.60            0.4
525.176        7.92            0.4
517.258        8.36            0.4
510.410        12.32           0.4
504.846        3.96            0.4
499.067        5.28            0.4
492.005        6.60            0.4
486.655        5.72            0.4
435.507        6.60            0.4
424.593        7.04            0.4
416.674        5.28            0.4
116.635        3.52            0.4