H
#frequency    half width   %gauss/100.
24571.830      5.53            0.0
19190.796      2.21            0.0
11147.755      4.42            0.0
11135.193      5.53            0.0
11116.033      4.42            0.0
11104.512      5.53            0.0
11094.210      6.63            0.0
11075.232      4.42            0.0
11062.572      4.42            0.0
10910.853      8.85            0.0
10883.335      5.53            0.0
10871.045      6.63            0.0
10851.769      5.53            0.0
10839.705      5.53            0.0
9961.018       4.42            0.0
9919.902       4.42            0.0
9086.009       2.21            0.0
9079.524       5.53            0.0
9048.864       3.32            0.0
9042.543       3.32            0.0
8057.187       3.32            0.0
8048.024       4.42            0.0
8021.662       4.42            0.0
3924.735       2.21            0.0
3872.417       3.32            0.0
3406.965       3.32            0.0
2951.760       2.21            0.0
2933.985       2.21            0.0
2914.663       3.32            0.0
2896.905       2.21            0.0
2891.538       3.32            0.0
2872.890       5.53            0.0
2855.069       3.32            0.0
2837.036       5.53            0.0
2820.151       2.21            0.0
2802.788       4.42            0.0
2781.466       4.42            0.0
