0
170
589
504
72
164
139
51
77
822
100
230
680
150
110
692
339
308
927
947
37
821
149
254
23
310
90
137
321
486
101
918
1009
832
444
273
258
259
995
115
507
397
967
198
672
222
324
60
36
934
861
32
347
961
312
612
411
207
379
257
820
819
481
769
543
268
317
647
1
28
516
346
357
829
331
325
212
765
611
729
54
5
223
224
243
978
41
792
192
416
138
370
880
158
547
409
190
776
56
447
221
26
499
313
125
184
187
926
949
354
121
453
510
938
602
757
703
114
827
208
11
134
752
142
62
492
389
9
129
113
252
135
340
261
232
405
525
805
398
915
874
455
29
260
604
263
96
314
572
634
343
17
976
885
839
280
699
283
713
369
196
332
123
285
690
251
457
345
584
215
834
253
900
474
620
168
19
105
404
205
826
440
679
789
741
574
879
459
487
103
27
58
601
740
8
858
734
448
406
624
412
622
528
381
512
118
652
688
75
291
40
588
577
201
966
876
48
191
955
568
714
493
39
843
435
704
670
651
1022
419
954
171
562
269
165
551
476
92
921
939
564
855
521
344
537
256
687
964
73
66
274
240
391
646
573
202
241
603
439
199
390
392
276
919
719
428
956
231
183
618
580
515
6
99
668
45
575
712
545
431
189
53
384
197
12
544
423
65
83
20
508
244
605
148
385
594
87
403
848
141
267
299
229
549
360
362
95
701
356
438
242
376
81
592
248
127
86
683
1013
388
116
810
375
226
76
59
393
154
894
1011
352
294
49
179
213
854
143
838
968
483
245
33
31
761
108
98
685
650
84
303
484
50
946
895
433
293
130
498
627
649
74
342
220
463
188
15
756
813
204
660
336
30
402
302
675
806
994
993
46
396
225
210
157
917
715
500
532
1010
788
166
102
497
159
613
640
817
495
808
319
287
517
279
104
359
469
648
460
25
70
518
172
653
42
282
14
417
69
93
160
16
781
408
520
606
706
744
899
234
987
63
645
835
387
3
747
480
721
503
161
748
794
236
1018
306
541
298
413
374
106
292
68
950
628
449
530
633
147
905
556
237
401
136
754
598
534
731
358
798
458
801
348
326
814
43
971
629
565
353
89
126
320
277
316
923
585
689
591
661
64
10
214
80
194
868
691
904
305
91
617
265
590
250
586
616
932
878
656
597
815
702
7
635
