Data set: /Volumes/cctm/apavao/NMR/20230303_13CMan/97/pdata/1/

Fit type: Mixed Lorentzian and Gaussian

Fit        Frequency             Width        Intensity       Area     %Lor.
         ppm        Hz        ppm         Hz                           chisq

  1                                                                  9.1e+16

      162.827  24569.06    0.28993     43.748      0.810     50.311    100.00
STD:    0.010      1.55    0.03003      4.532      0.043


  2                                                                  2.5e+17

      127.187  19191.36    0.02146      3.238      5.588     25.704    100.00
STD:    0.000      0.05    0.00087      0.132      0.161


  3                                                                  1.4e+17

       73.882  11148.14    0.02772      4.183      2.573     15.290    100.00
STD:    0.001      0.11    0.00217      0.327      0.134

       73.798  11135.37    0.03562      5.374      2.558     19.530    100.00
STD:    0.001      0.12    0.00251      0.379      0.118

       73.674  11116.76    0.02763      4.170      2.627     15.560    100.00
STD:    0.001      0.11    0.00219      0.330      0.133

       73.597  11105.06    0.03894      5.876      5.786     48.301    100.00
STD:    0.000      0.06    0.00136      0.206      0.114

       73.525  11094.30    0.03457      5.217      2.538     18.810    100.00
STD:    0.001      0.13    0.00271      0.409      0.120

       73.402  11075.71    0.03340      5.040      3.469     24.837    100.00
STD:    0.001      0.09    0.00181      0.272      0.122

       73.317  11062.85    0.03218      4.855      4.430     30.555    100.00
STD:    0.000      0.07    0.00136      0.205      0.124


  4                                                                    3e+16

       72.319  10912.21    0.04331      6.535      1.376     12.770    100.00
STD:    0.002      0.32    0.00603      0.910      0.134

       72.130  10883.77    0.03428      5.172      7.269     53.406    100.00
STD:    0.000      0.05    0.00111      0.168      0.151

       72.048  10871.33    0.03853      5.814      5.228     43.179    100.00
STD:    0.001      0.08    0.00168      0.254      0.143

       71.922  10852.30    0.03537      5.337      4.674     35.439    100.00
STD:    0.001      0.09    0.00181      0.273      0.149

       71.839  10839.79    0.04096      6.181      4.618     40.548    100.00
STD:    0.001      0.09    0.00193      0.291      0.139


  5                                                                  6.2e+16

       66.018   9961.53    0.02913      4.396     15.945     99.576    100.00
STD:    0.000      0.03    0.00048      0.073      0.186

       65.745   9920.37    0.03000      4.526     14.625     94.043    100.00
STD:    0.000      0.03    0.00053      0.080      0.183


  6                                                                  4.7e+16

       60.219   9086.55    0.01890      2.852      6.578     26.652    100.00
STD:    0.000      0.05    0.00083      0.125      0.188

       60.171   9079.18    0.02720      4.105      1.589      9.267    100.00
STD:    0.001      0.22    0.00446      0.673      0.165

       59.974   9049.45    0.01849      2.791      6.904     27.368    100.00
STD:    0.000      0.04    0.00094      0.142      0.213

       59.928   9042.56    0.02802      4.228      1.710     10.271    100.00
STD:    0.001      0.21    0.00433      0.653      0.162


  7                                                                  8.8e+16

       53.401   8057.72    0.02152      3.247      1.599      7.373    100.00
STD:    0.001      0.15    0.00322      0.486      0.157

       53.340   8048.43    0.02637      3.979      1.303      7.365    100.00
STD:    0.001      0.21    0.00432      0.652      0.137

       53.164   8021.96    0.11447     17.272      1.357     33.299    100.00
STD:    0.003      0.42    0.00835      1.260      0.066


  8                                                                  8.3e+16

       26.014   3925.27    0.02151      3.246      3.361     15.499    100.00
STD:    0.001      0.08    0.00137      0.207      0.152

       25.666   3872.77    0.02861      4.317      2.951     18.097    100.00
STD:    0.001      0.10    0.00185      0.279      0.135


  9                                                                  1.7e+16

       22.579   3407.03    0.04124      6.223      0.779      6.889    100.00
STD:    0.003      0.45    0.00846      1.277      0.113


 10                                                                    4e+16

       19.566   2952.29    0.01820      2.746      8.012     31.259    100.00
STD:    0.000      0.05    0.00094      0.142      0.293

       19.448   2934.52    0.02046      3.087      2.318     10.165    100.00
STD:    0.001      0.19    0.00344      0.519      0.276

       19.319   2915.04    0.02080      3.138      7.990     35.620    100.00
STD:    0.000      0.05    0.00109      0.165      0.292

       19.202   2897.44    0.01385      2.090      2.491      7.397    100.00
STD:    0.001      0.13    0.00403      0.608      0.459

       19.165   2891.82    0.02113      3.189      1.693      7.670    100.00
STD:    0.002      0.26    0.00592      0.893      0.291

       19.041   2873.13    0.02912      4.394      0.960      5.992    100.00
STD:    0.004      0.54    0.01046      1.579      0.239

       18.924   2855.49    0.02236      3.374      5.733     27.475    100.00
STD:    0.001      0.08    0.00156      0.236      0.276

       18.806   2837.70    0.02611      3.940      1.579      8.837    100.00
STD:    0.002      0.31    0.00606      0.915      0.253

       18.693   2820.56    0.02375      3.584      5.458     27.789    100.00
STD:    0.001      0.09    0.00165      0.249      0.260

       18.571   2802.13    0.05087      7.675      1.379     15.040    100.00
STD:    0.003      0.50    0.01009      1.523      0.181

       18.437   2781.96    0.03271      4.936      1.036      7.262    100.00
STD:    0.004      0.54    0.01049      1.583      0.225

